
    4 Categories K-NN
i =

     3


euc_accu =

    0.6833


i =

     5


euc_accu =

    0.6800


i =

     7


euc_accu =

    0.6667
    
    
2 Categories N-A K-NN

i =

     3


euc_accu =

    0.8544


i =

     5


euc_accu =

    0.8592


i =

     7


euc_accu =

    0.8544
